            C  UTMX  UTMY   AGE    BA   DTH  RICH    H'   GAP   COV   ELE   SLO   ASP
C        1.00  0.02  0.08  0.12  0.19  0.19  0.12  0.11 -0.12  0.12  0.07 -0.07  0.03
UTMX     0.02  1.00 -0.07  0.04  0.32  0.00  0.18  0.13 -0.36  0.36 -0.42  0.07  0.13
UTMY     0.08 -0.07  1.00  0.13  0.17  0.50 -0.03  0.08 -0.05  0.05  0.65 -0.29  0.11
AGE      0.12  0.04  0.13  1.00  0.56  0.53  0.49  0.54 -0.51  0.51  0.01 -0.13  0.10
BA       0.19  0.32  0.17  0.56  1.00  0.59  0.53  0.43 -0.72  0.72 -0.02 -0.12  0.17
DTH      0.19  0.00  0.50  0.53  0.59  1.00  0.42  0.47 -0.42  0.42  0.15 -0.01  0.12
RICH     0.12  0.18 -0.03  0.49  0.53  0.42  1.00  0.87 -0.61  0.61 -0.13 -0.03  0.16
H'       0.11  0.13  0.08  0.54  0.43  0.47  0.87  1.00 -0.59  0.59 -0.03 -0.07  0.14
GAP     -0.12 -0.36 -0.05 -0.51 -0.72 -0.42 -0.61 -0.59  1.00 -1.00 -0.01  0.19 -0.29
COV      0.12  0.36  0.05  0.51  0.72  0.42  0.61  0.59 -1.00  1.00  0.01 -0.19  0.29
ELE      0.07 -0.42  0.65  0.01 -0.02  0.15 -0.13 -0.03 -0.01  0.01  1.00 -0.57  0.05
SLO     -0.07  0.07 -0.29 -0.13 -0.12 -0.01 -0.03 -0.07  0.19 -0.19 -0.57  1.00 -0.07
ASP      0.03  0.13  0.11  0.10  0.17  0.12  0.16  0.14 -0.29  0.29  0.05 -0.07  1.00
FFLAYER  0.80  0.00  0.00  0.00  0.01  0.00  0.00  0.00  0.00  0.00  0.00  0.00  0.00
MAN     -0.03  0.13 -0.32  0.50  0.07 -0.04  0.18  0.17 -0.07  0.07 -0.27  0.05 -0.15
        FFLAYER   MAN
C          0.80 -0.03
UTMX       0.00  0.13
UTMY       0.00 -0.32
AGE        0.00  0.50
BA         0.01  0.07
DTH        0.00 -0.04
RICH       0.00  0.18
H'         0.00  0.17
GAP        0.00 -0.07
COV        0.00  0.07
ELE        0.00 -0.27
SLO        0.00  0.05
ASP        0.00 -0.15
FFLAYER    1.00  0.00
MAN        0.00  1.00

n= 306 


P
        C      UTMX   UTMY   AGE    BA     DTH    RICH   H'     GAP    COV    ELE   
C              0.6853 0.1851 0.0379 0.0008 0.0008 0.0389 0.0457 0.0423 0.0423 0.2192
UTMX    0.6853        0.2459 0.5137 0.0000 0.9733 0.0016 0.0259 0.0000 0.0000 0.0000
UTMY    0.1851 0.2459        0.0205 0.0030 0.0000 0.6246 0.1503 0.3972 0.3972 0.0000
AGE     0.0379 0.5137 0.0205        0.0000 0.0000 0.0000 0.0000 0.0000 0.0000 0.9044
BA      0.0008 0.0000 0.0030 0.0000        0.0000 0.0000 0.0000 0.0000 0.0000 0.7036
DTH     0.0008 0.9733 0.0000 0.0000 0.0000        0.0000 0.0000 0.0000 0.0000 0.0076
RICH    0.0389 0.0016 0.6246 0.0000 0.0000 0.0000        0.0000 0.0000 0.0000 0.0261
H'      0.0457 0.0259 0.1503 0.0000 0.0000 0.0000 0.0000        0.0000 0.0000 0.5621
GAP     0.0423 0.0000 0.3972 0.0000 0.0000 0.0000 0.0000 0.0000        0.0000 0.8946
COV     0.0423 0.0000 0.3972 0.0000 0.0000 0.0000 0.0000 0.0000 0.0000        0.8946
ELE     0.2192 0.0000 0.0000 0.9044 0.7036 0.0076 0.0261 0.5621 0.8946 0.8946       
SLO     0.2284 0.2124 0.0000 0.0204 0.0423 0.8439 0.6487 0.2398 0.0008 0.0008 0.0000
ASP     0.6386 0.0284 0.0465 0.0715 0.0022 0.0403 0.0054 0.0129 0.0000 0.0000 0.4161
FFLAYER 0.0000 1.0000 1.0000 1.0000 0.8954 1.0000 1.0000 1.0000 1.0000 1.0000 1.0000
MAN     0.6008 0.0215 0.0000 0.0000 0.2234 0.4938 0.0015 0.0027 0.2133 0.2133 0.0000
        SLO    ASP    FFLAYER MAN   
C       0.2284 0.6386 0.0000  0.6008
UTMX    0.2124 0.0284 1.0000  0.0215
UTMY    0.0000 0.0465 1.0000  0.0000
AGE     0.0204 0.0715 1.0000  0.0000
BA      0.0423 0.0022 0.8954  0.2234
DTH     0.8439 0.0403 1.0000  0.4938
RICH    0.6487 0.0054 1.0000  0.0015
H'      0.2398 0.0129 1.0000  0.0027
GAP     0.0008 0.0000 1.0000  0.2133
COV     0.0008 0.0000 1.0000  0.2133
ELE     0.0000 0.4161 1.0000  0.0000
SLO            0.2223 1.0000  0.3904
ASP     0.2223        1.0000  0.0089
FFLAYER 1.0000 1.0000         1.0000
MAN     0.3904 0.0089 1.0000        
