            C  UTMX  UTMY   AGE    BA   DTH  RICH    H'   GAP   COV   ELE   SLO   ASP
C        1.00  0.20 -0.11 -0.05  0.06  0.05 -0.14 -0.11 -0.06  0.07 -0.15  0.13 -0.02
UTMX     0.20  1.00 -0.07  0.04  0.07  0.09  0.05 -0.01 -0.09  0.10 -0.42  0.07  0.13
UTMY    -0.11 -0.07  1.00  0.13 -0.02  0.39 -0.03  0.03 -0.06  0.06  0.65 -0.29  0.11
AGE     -0.05  0.04  0.13  1.00  0.26  0.67  0.40  0.53  0.17 -0.17  0.01 -0.13  0.10
BA       0.06  0.07 -0.02  0.26  1.00  0.42  0.18  0.02 -0.20  0.20  0.01 -0.12  0.07
DTH      0.05  0.09  0.39  0.67  0.42  1.00  0.27  0.32 -0.09  0.08  0.11 -0.15  0.25
RICH    -0.14  0.05 -0.03  0.40  0.18  0.27  1.00  0.84  0.06 -0.07 -0.18  0.03  0.08
H'      -0.11 -0.01  0.03  0.53  0.02  0.32  0.84  1.00  0.14 -0.15 -0.18  0.13  0.05
GAP     -0.06 -0.09 -0.06  0.17 -0.20 -0.09  0.06  0.14  1.00 -0.99  0.02 -0.03  0.12
COV      0.07  0.10  0.06 -0.17  0.20  0.08 -0.07 -0.15 -0.99  1.00 -0.03  0.02 -0.11
ELE     -0.15 -0.42  0.65  0.01  0.01  0.11 -0.18 -0.18  0.02 -0.03  1.00 -0.57  0.05
SLO      0.13  0.07 -0.29 -0.13 -0.12 -0.15  0.03  0.13 -0.03  0.02 -0.57  1.00 -0.07
ASP     -0.02  0.13  0.11  0.10  0.07  0.25  0.08  0.05  0.12 -0.11  0.05 -0.07  1.00
FFLAYER  0.65  0.00  0.00  0.00  0.00  0.00  0.00  0.00  0.00  0.00  0.00  0.00  0.00
MAN     -0.06  0.13 -0.32  0.50  0.20  0.03  0.29  0.31  0.10 -0.10 -0.27  0.05 -0.15
        FFLAYER   MAN
C          0.65 -0.06
UTMX       0.00  0.13
UTMY       0.00 -0.32
AGE        0.00  0.50
BA         0.00  0.20
DTH        0.00  0.03
RICH       0.00  0.29
H'         0.00  0.31
GAP        0.00  0.10
COV        0.00 -0.10
ELE        0.00 -0.27
SLO        0.00  0.05
ASP        0.00 -0.15
FFLAYER    1.00  0.00
MAN        0.00  1.00

n= 306 


P
        C      UTMX   UTMY   AGE    BA     DTH    RICH   H'     GAP    COV    ELE   
C              0.0006 0.0642 0.4017 0.2748 0.3759 0.0170 0.0661 0.2739 0.2549 0.0066
UTMX    0.0006        0.2459 0.5137 0.2345 0.1255 0.3499 0.8853 0.1279 0.0838 0.0000
UTMY    0.0642 0.2459        0.0205 0.7750 0.0000 0.5601 0.5819 0.2678 0.3368 0.0000
AGE     0.4017 0.5137 0.0205        0.0000 0.0000 0.0000 0.0000 0.0029 0.0028 0.9044
BA      0.2748 0.2345 0.7750 0.0000        0.0000 0.0020 0.7187 0.0003 0.0004 0.8253
DTH     0.3759 0.1255 0.0000 0.0000 0.0000        0.0000 0.0000 0.1238 0.1438 0.0519
RICH    0.0170 0.3499 0.5601 0.0000 0.0020 0.0000        0.0000 0.3271 0.2167 0.0017
H'      0.0661 0.8853 0.5819 0.0000 0.7187 0.0000 0.0000        0.0145 0.0092 0.0018
GAP     0.2739 0.1279 0.2678 0.0029 0.0003 0.1238 0.3271 0.0145        0.0000 0.6692
COV     0.2549 0.0838 0.3368 0.0028 0.0004 0.1438 0.2167 0.0092 0.0000        0.5482
ELE     0.0066 0.0000 0.0000 0.9044 0.8253 0.0519 0.0017 0.0018 0.6692 0.5482       
SLO     0.0225 0.2124 0.0000 0.0204 0.0310 0.0068 0.6058 0.0209 0.6534 0.6742 0.0000
ASP     0.7409 0.0284 0.0465 0.0715 0.1947 0.0000 0.1487 0.4261 0.0414 0.0584 0.4161
FFLAYER 0.0000 1.0000 1.0000 1.0000 1.0000 0.9995 1.0000 1.0000 1.0000 1.0000 1.0000
MAN     0.3238 0.0215 0.0000 0.0000 0.0005 0.6612 0.0000 0.0000 0.0920 0.0853 0.0000
        SLO    ASP    FFLAYER MAN   
C       0.0225 0.7409 0.0000  0.3238
UTMX    0.2124 0.0284 1.0000  0.0215
UTMY    0.0000 0.0465 1.0000  0.0000
AGE     0.0204 0.0715 1.0000  0.0000
BA      0.0310 0.1947 1.0000  0.0005
DTH     0.0068 0.0000 0.9995  0.6612
RICH    0.6058 0.1487 1.0000  0.0000
H'      0.0209 0.4261 1.0000  0.0000
GAP     0.6534 0.0414 1.0000  0.0920
COV     0.6742 0.0584 1.0000  0.0853
ELE     0.0000 0.4161 1.0000  0.0000
SLO            0.2223 1.0000  0.3904
ASP     0.2223        1.0000  0.0089
FFLAYER 1.0000 1.0000         1.0000
MAN     0.3904 0.0089 1.0000        
