            C  UTMX  UTMY   AGE    BA   DTH  RICH    H'   GAP   COV   ELE   SLO   ASP
C        1.00  0.05  0.01  0.19  0.16  0.17  0.16  0.12  0.00  0.21 -0.02 -0.10  0.03
UTMX     0.05  1.00 -0.07  0.04  0.14  0.05  0.01 -0.05 -0.05  0.27 -0.42  0.07  0.13
UTMY     0.01 -0.07  1.00  0.13  0.10  0.41 -0.04  0.04  0.12  0.17  0.65 -0.29  0.11
AGE      0.19  0.04  0.13  1.00  0.53  0.74  0.47  0.61 -0.07  0.51  0.01 -0.13  0.10
BA       0.16  0.14  0.10  0.53  1.00  0.63  0.44  0.32 -0.51  0.51  0.05 -0.15  0.05
DTH      0.17  0.05  0.41  0.74  0.63  1.00  0.36  0.46 -0.17  0.61  0.11 -0.14  0.18
RICH     0.16  0.01 -0.04  0.47  0.44  0.36  1.00  0.82 -0.22  0.22 -0.06 -0.02  0.02
H'       0.12 -0.05  0.04  0.61  0.32  0.46  0.82  1.00 -0.04  0.18 -0.06  0.04  0.01
GAP      0.00 -0.05  0.12 -0.07 -0.51 -0.17 -0.22 -0.04  1.00 -0.17 -0.01  0.09  0.07
COV      0.21  0.27  0.17  0.51  0.51  0.61  0.22  0.18 -0.17  1.00  0.10 -0.24  0.27
ELE     -0.02 -0.42  0.65  0.01  0.05  0.11 -0.06 -0.06 -0.01  0.10  1.00 -0.57  0.05
SLO     -0.10  0.07 -0.29 -0.13 -0.15 -0.14 -0.02  0.04  0.09 -0.24 -0.57  1.00 -0.07
ASP      0.03  0.13  0.11  0.10  0.05  0.18  0.02  0.01  0.07  0.27  0.05 -0.07  1.00
FFLAYER  0.69  0.00  0.00  0.00  0.00  0.00  0.00  0.00  0.00  0.00  0.00  0.00  0.00
MAN      0.03  0.13 -0.32  0.50  0.19  0.04  0.30  0.35  0.02 -0.11 -0.27  0.05 -0.15
        FFLAYER   MAN
C          0.69  0.03
UTMX       0.00  0.13
UTMY       0.00 -0.32
AGE        0.00  0.50
BA         0.00  0.19
DTH        0.00  0.04
RICH       0.00  0.30
H'         0.00  0.35
GAP        0.00  0.02
COV        0.00 -0.11
ELE        0.00 -0.27
SLO        0.00  0.05
ASP        0.00 -0.15
FFLAYER    1.00  0.00
MAN        0.00  1.00

n= 306 


P
        C      UTMX   UTMY   AGE    BA     DTH    RICH   H'     GAP    COV    ELE   
C              0.4237 0.8277 0.0011 0.0051 0.0028 0.0041 0.0345 0.9887 0.0003 0.7709
UTMX    0.4237        0.2459 0.5137 0.0114 0.4191 0.8728 0.3464 0.3423 0.0000 0.0000
UTMY    0.8277 0.2459        0.0205 0.0715 0.0000 0.5211 0.5003 0.0349 0.0022 0.0000
AGE     0.0011 0.5137 0.0205        0.0000 0.0000 0.0000 0.0000 0.2101 0.0000 0.9044
BA      0.0051 0.0114 0.0715 0.0000        0.0000 0.0000 0.0000 0.0000 0.0000 0.3612
DTH     0.0028 0.4191 0.0000 0.0000 0.0000        0.0000 0.0000 0.0031 0.0000 0.0477
RICH    0.0041 0.8728 0.5211 0.0000 0.0000 0.0000        0.0000 0.0001 0.0001 0.2909
H'      0.0345 0.3464 0.5003 0.0000 0.0000 0.0000 0.0000        0.4654 0.0017 0.2887
GAP     0.9887 0.3423 0.0349 0.2101 0.0000 0.0031 0.0001 0.4654        0.0032 0.9236
COV     0.0003 0.0000 0.0022 0.0000 0.0000 0.0000 0.0001 0.0017 0.0032        0.0704
ELE     0.7709 0.0000 0.0000 0.9044 0.3612 0.0477 0.2909 0.2887 0.9236 0.0704       
SLO     0.0781 0.2124 0.0000 0.0204 0.0075 0.0168 0.7474 0.4690 0.1341 0.0000 0.0000
ASP     0.5751 0.0284 0.0465 0.0715 0.3704 0.0018 0.6978 0.8344 0.2135 0.0000 0.4161
FFLAYER 0.0000 1.0000 1.0000 1.0000 1.0000 1.0000 1.0000 1.0000 1.0000 1.0000 1.0000
MAN     0.5762 0.0215 0.0000 0.0000 0.0011 0.4742 0.0000 0.0000 0.7611 0.0464 0.0000
        SLO    ASP    FFLAYER MAN   
C       0.0781 0.5751 0.0000  0.5762
UTMX    0.2124 0.0284 1.0000  0.0215
UTMY    0.0000 0.0465 1.0000  0.0000
AGE     0.0204 0.0715 1.0000  0.0000
BA      0.0075 0.3704 1.0000  0.0011
DTH     0.0168 0.0018 1.0000  0.4742
RICH    0.7474 0.6978 1.0000  0.0000
H'      0.4690 0.8344 1.0000  0.0000
GAP     0.1341 0.2135 1.0000  0.7611
COV     0.0000 0.0000 1.0000  0.0464
ELE     0.0000 0.4161 1.0000  0.0000
SLO            0.2223 1.0000  0.3904
ASP     0.2223        1.0000  0.0089
FFLAYER 1.0000 1.0000         1.0000
MAN     0.3904 0.0089 1.0000        
