
 Descriptive statistics by group 
: 2013
: FH
                 vars   n       mean     sd     median    trimmed    mad        min
UTMX                1 153  542116.12 531.27  542129.51  542090.23 433.42  541200.00
UTMY                2 153 2279454.52 558.13 2279448.99 2279456.05 533.59 2278407.59
STAND_AGE           3 153      22.25  19.94      17.00      18.08   7.41       0.00
BASAL_AREA          4 153      22.51  11.01      24.78      23.08  10.45       0.31
DOM_HEIGHT          5 153      17.33   6.22      18.13      17.58   5.50       3.50
SPECIES_RICHNESS    6 153       4.68   2.64       4.00       4.40   1.48       1.00
SHANNON_INDEX       7 153       0.76   0.55       0.66       0.71   0.54       0.00
GAP_FRACTION        8 153      24.65  27.21      11.95      19.57  12.80       0.31
CANOPY_COVER        9 153      75.35  27.21      88.05      80.43  12.80       0.00
ELEVATION          10 153    2041.92  29.11    2048.96    2043.94  26.66    1941.42
SLOPE              11 153       9.68   6.97       8.34       8.75   6.03       0.70
ASPECT             12 153     185.62  91.17     187.69     186.49 116.20       3.03
CONDITION*         13 153       1.09   0.29       1.00       1.00   0.00       1.00
LAYER_NUM*         14 153       2.00   0.00       2.00       2.00   0.00       2.00
CON_NUM*           15 153       1.09   0.29       1.00       1.00   0.00       1.00
                        max   range  skew kurtosis    se
UTMX              543332.76 2132.76  0.32    -0.06 42.95
UTMY             2280497.82 2090.23  0.01    -0.61 45.12
STAND_AGE             80.00   80.00  2.06     3.59  1.61
BASAL_AREA            44.81   44.51 -0.44    -0.76  0.89
DOM_HEIGHT            33.00   29.50 -0.35    -0.37  0.50
SPECIES_RICHNESS      14.00   13.00  1.00     0.91  0.21
SHANNON_INDEX          2.15    2.15  0.66    -0.24  0.04
GAP_FRACTION         100.00   99.69  1.46     1.04  2.20
CANOPY_COVER          99.69   99.69 -1.46     1.04  2.20
ELEVATION           2091.87  150.45 -0.83     0.93  2.35
SLOPE                 37.90   37.20  1.27     1.76  0.56
ASPECT               356.93  353.90 -0.05    -1.07  7.37
CONDITION*             2.00    1.00  2.81     5.91  0.02
LAYER_NUM*             2.00    0.00   NaN      NaN  0.00
CON_NUM*               2.00    1.00  2.81     5.91  0.02
----------------------------------------------------------------- 
: 2018
: FH
                 vars   n       mean     sd     median    trimmed    mad        min
UTMX                1 153  542116.12 531.27  542129.51  542090.23 433.42  541200.00
UTMY                2 153 2279454.52 558.13 2279448.99 2279456.05 533.59 2278407.59
STAND_AGE           3 153      27.25  19.94      22.00      23.08   7.41       5.00
BASAL_AREA          4 153      27.93   9.44      28.27      28.25   8.11       3.85
DOM_HEIGHT          5 153      20.09   5.51      21.41      20.58   4.74       5.53
SPECIES_RICHNESS    6 153       6.80   2.63       7.00       6.62   2.97       1.00
SHANNON_INDEX       7 153       1.25   0.46       1.22       1.26   0.49       0.00
GAP_FRACTION        8 153      13.17   4.75      11.88      12.26   2.36       8.04
CANOPY_COVER        9 153      53.29  26.46      64.06      55.98  19.42       0.00
ELEVATION          10 153    2041.92  29.11    2048.96    2043.94  26.66    1941.42
SLOPE              11 153       9.68   6.97       8.34       8.75   6.03       0.70
ASPECT             12 153     185.62  91.17     187.69     186.49 116.20       3.03
CONDITION*         13 153       1.09   0.29       1.00       1.00   0.00       1.00
LAYER_NUM*         14 153       2.00   0.00       2.00       2.00   0.00       2.00
CON_NUM*           15 153       1.09   0.29       1.00       1.00   0.00       1.00
                        max   range  skew kurtosis    se
UTMX              543332.76 2132.76  0.32    -0.06 42.95
UTMY             2280497.82 2090.23  0.01    -0.61 45.12
STAND_AGE             85.00   80.00  2.06     3.59  1.61
BASAL_AREA            63.39   59.54 -0.09     1.15  0.76
DOM_HEIGHT            29.20   23.67 -0.82     0.06  0.45
SPECIES_RICHNESS      14.00   13.00  0.55    -0.12  0.21
SHANNON_INDEX          2.30    2.30 -0.15    -0.12  0.04
GAP_FRACTION          46.01   37.97  3.44    16.62  0.38
CANOPY_COVER          92.27   92.27 -0.86    -0.59  2.14
ELEVATION           2091.87  150.45 -0.83     0.93  2.35
SLOPE                 37.90   37.20  1.27     1.76  0.56
ASPECT               356.93  353.90 -0.05    -1.07  7.37
CONDITION*             2.00    1.00  2.81     5.91  0.02
LAYER_NUM*             2.00    0.00   NaN      NaN  0.00
CON_NUM*               2.00    1.00  2.81     5.91  0.02
----------------------------------------------------------------- 
: 2023
: FH
                 vars   n       mean     sd     median    trimmed    mad        min
UTMX                1 153  542116.12 531.27  542129.51  542090.23 433.42  541200.00
UTMY                2 153 2279454.52 558.13 2279448.99 2279456.05 533.59 2278407.59
STAND_AGE           3 153      32.25  19.94      27.00      28.08   7.41      10.00
BASAL_AREA          4 153      25.75   7.25      26.01      26.05   7.37       0.59
DOM_HEIGHT          5 153      21.14   4.97      21.86      21.46   4.79       7.72
SPECIES_RICHNESS    6 153       6.64   2.18       6.00       6.53   1.48       1.00
SHANNON_INDEX       7 153       1.34   0.41       1.33       1.36   0.38       0.00
GAP_FRACTION        8 153      15.48   3.23      14.69      15.16   2.48       4.72
CANOPY_COVER        9 153      84.55   3.24      85.34      84.86   2.44      73.36
ELEVATION          10 153    2041.92  29.11    2048.96    2043.94  26.66    1941.42
SLOPE              11 153       9.68   6.97       8.34       8.75   6.03       0.70
ASPECT             12 153     185.62  91.17     187.69     186.49 116.20       3.03
CONDITION*         13 153       1.09   0.29       1.00       1.00   0.00       1.00
LAYER_NUM*         14 153       2.00   0.00       2.00       2.00   0.00       2.00
CON_NUM*           15 153       1.09   0.29       1.00       1.00   0.00       1.00
                        max   range  skew kurtosis    se
UTMX              543332.76 2132.76  0.32    -0.06 42.95
UTMY             2280497.82 2090.23  0.01    -0.61 45.12
STAND_AGE             90.00   80.00  2.06     3.59  1.61
BASAL_AREA            46.10   45.50 -0.46     0.68  0.59
DOM_HEIGHT            32.51   24.79 -0.57    -0.16  0.40
SPECIES_RICHNESS      12.00   11.00  0.35    -0.20  0.18
SHANNON_INDEX          2.21    2.21 -0.54     0.83  0.03
GAP_FRACTION          26.64   21.92  0.91     1.96  0.26
CANOPY_COVER          95.28   21.92 -0.92     1.95  0.26
ELEVATION           2091.87  150.45 -0.83     0.93  2.35
SLOPE                 37.90   37.20  1.27     1.76  0.56
ASPECT               356.93  353.90 -0.05    -1.07  7.37
CONDITION*             2.00    1.00  2.81     5.91  0.02
LAYER_NUM*             2.00    0.00   NaN      NaN  0.00
CON_NUM*               2.00    1.00  2.81     5.91  0.02
----------------------------------------------------------------- 
: 2013
: L
                 vars   n       mean     sd     median    trimmed    mad        min
UTMX                1 153  542116.12 531.27  542129.51  542090.23 433.42  541200.00
UTMY                2 153 2279454.52 558.13 2279448.99 2279456.05 533.59 2278407.59
STAND_AGE           3 153      22.25  19.94      17.00      18.08   7.41       0.00
BASAL_AREA          4 153      22.34  11.07      24.09      22.86  11.28       0.31
DOM_HEIGHT          5 153      17.33   6.22      18.13      17.58   5.50       3.50
SPECIES_RICHNESS    6 153       4.68   2.64       4.00       4.40   1.48       1.00
SHANNON_INDEX       7 153       0.76   0.55       0.66       0.71   0.54       0.00
GAP_FRACTION        8 153      24.65  27.21      11.95      19.57  12.80       0.31
CANOPY_COVER        9 153      75.35  27.21      88.05      80.43  12.80       0.00
ELEVATION          10 153    2041.92  29.11    2048.96    2043.94  26.66    1941.42
SLOPE              11 153       9.68   6.97       8.34       8.75   6.03       0.70
ASPECT             12 153     185.62  91.17     187.69     186.49 116.20       3.03
CONDITION*         13 153       1.09   0.29       1.00       1.00   0.00       1.00
LAYER_NUM*         14 153       1.00   0.00       1.00       1.00   0.00       1.00
CON_NUM*           15 153       1.09   0.29       1.00       1.00   0.00       1.00
                        max   range  skew kurtosis    se
UTMX              543332.76 2132.76  0.32    -0.06 42.95
UTMY             2280497.82 2090.23  0.01    -0.61 45.12
STAND_AGE             80.00   80.00  2.06     3.59  1.61
BASAL_AREA            44.81   44.51 -0.42    -0.81  0.89
DOM_HEIGHT            33.00   29.50 -0.35    -0.37  0.50
SPECIES_RICHNESS      14.00   13.00  1.00     0.91  0.21
SHANNON_INDEX          2.15    2.15  0.66    -0.24  0.04
GAP_FRACTION         100.00   99.69  1.46     1.04  2.20
CANOPY_COVER          99.69   99.69 -1.46     1.04  2.20
ELEVATION           2091.87  150.45 -0.83     0.93  2.35
SLOPE                 37.90   37.20  1.27     1.76  0.56
ASPECT               356.93  353.90 -0.05    -1.07  7.37
CONDITION*             2.00    1.00  2.81     5.91  0.02
LAYER_NUM*             1.00    0.00   NaN      NaN  0.00
CON_NUM*               2.00    1.00  2.81     5.91  0.02
----------------------------------------------------------------- 
: 2018
: L
                 vars   n       mean     sd     median    trimmed    mad        min
UTMX                1 153  542116.12 531.27  542129.51  542090.23 433.42  541200.00
UTMY                2 153 2279454.52 558.13 2279448.99 2279456.05 533.59 2278407.59
STAND_AGE           3 153      27.25  19.94      22.00      23.08   7.41       5.00
BASAL_AREA          4 153      27.93   9.44      28.27      28.25   8.11       3.85
DOM_HEIGHT          5 153      20.09   5.51      21.41      20.58   4.74       5.53
SPECIES_RICHNESS    6 153       6.80   2.63       7.00       6.62   2.97       1.00
SHANNON_INDEX       7 153       1.25   0.46       1.22       1.26   0.49       0.00
GAP_FRACTION        8 153      13.17   4.75      11.88      12.26   2.36       8.04
CANOPY_COVER        9 153      53.29  26.46      64.06      55.98  19.42       0.00
ELEVATION          10 153    2041.92  29.11    2048.96    2043.94  26.66    1941.42
SLOPE              11 153       9.68   6.97       8.34       8.75   6.03       0.70
ASPECT             12 153     185.62  91.17     187.69     186.49 116.20       3.03
CONDITION*         13 153       1.09   0.29       1.00       1.00   0.00       1.00
LAYER_NUM*         14 153       1.00   0.00       1.00       1.00   0.00       1.00
CON_NUM*           15 153       1.09   0.29       1.00       1.00   0.00       1.00
                        max   range  skew kurtosis    se
UTMX              543332.76 2132.76  0.32    -0.06 42.95
UTMY             2280497.82 2090.23  0.01    -0.61 45.12
STAND_AGE             85.00   80.00  2.06     3.59  1.61
BASAL_AREA            63.39   59.54 -0.09     1.15  0.76
DOM_HEIGHT            29.20   23.67 -0.82     0.06  0.45
SPECIES_RICHNESS      14.00   13.00  0.55    -0.12  0.21
SHANNON_INDEX          2.30    2.30 -0.15    -0.12  0.04
GAP_FRACTION          46.01   37.97  3.44    16.62  0.38
CANOPY_COVER          92.27   92.27 -0.86    -0.59  2.14
ELEVATION           2091.87  150.45 -0.83     0.93  2.35
SLOPE                 37.90   37.20  1.27     1.76  0.56
ASPECT               356.93  353.90 -0.05    -1.07  7.37
CONDITION*             2.00    1.00  2.81     5.91  0.02
LAYER_NUM*             1.00    0.00   NaN      NaN  0.00
CON_NUM*               2.00    1.00  2.81     5.91  0.02
----------------------------------------------------------------- 
: 2023
: L
                 vars   n       mean     sd     median    trimmed    mad        min
UTMX                1 153  542116.12 531.27  542129.51  542090.23 433.42  541200.00
UTMY                2 153 2279454.52 558.13 2279448.99 2279456.05 533.59 2278407.59
STAND_AGE           3 153      32.25  19.94      27.00      28.08   7.41      10.00
BASAL_AREA          4 153      25.75   7.25      26.01      26.05   7.37       0.59
DOM_HEIGHT          5 153      21.14   4.97      21.86      21.46   4.79       7.72
SPECIES_RICHNESS    6 153       6.64   2.18       6.00       6.53   1.48       1.00
SHANNON_INDEX       7 153       1.34   0.41       1.33       1.36   0.38       0.00
GAP_FRACTION        8 153      15.48   3.23      14.69      15.16   2.48       4.72
CANOPY_COVER        9 153      84.55   3.24      85.34      84.86   2.44      73.36
ELEVATION          10 153    2041.92  29.11    2048.96    2043.94  26.66    1941.42
SLOPE              11 153       9.68   6.97       8.34       8.75   6.03       0.70
ASPECT             12 153     185.62  91.17     187.69     186.49 116.20       3.03
CONDITION*         13 153       1.09   0.29       1.00       1.00   0.00       1.00
LAYER_NUM*         14 153       1.00   0.00       1.00       1.00   0.00       1.00
CON_NUM*           15 153       1.09   0.29       1.00       1.00   0.00       1.00
                        max   range  skew kurtosis    se
UTMX              543332.76 2132.76  0.32    -0.06 42.95
UTMY             2280497.82 2090.23  0.01    -0.61 45.12
STAND_AGE             90.00   80.00  2.06     3.59  1.61
BASAL_AREA            46.10   45.50 -0.46     0.68  0.59
DOM_HEIGHT            32.51   24.79 -0.57    -0.16  0.40
SPECIES_RICHNESS      12.00   11.00  0.35    -0.20  0.18
SHANNON_INDEX          2.21    2.21 -0.54     0.83  0.03
GAP_FRACTION          26.64   21.92  0.91     1.96  0.26
CANOPY_COVER          95.28   21.92 -0.92     1.95  0.26
ELEVATION           2091.87  150.45 -0.83     0.93  2.35
SLOPE                 37.90   37.20  1.27     1.76  0.56
ASPECT               356.93  353.90 -0.05    -1.07  7.37
CONDITION*             2.00    1.00  2.81     5.91  0.02
LAYER_NUM*             1.00    0.00   NaN      NaN  0.00
CON_NUM*               2.00    1.00  2.81     5.91  0.02
